0: 0.0               0.6072533210898752 0.0                     0                0.7853851318359375  0.7853981633974483 
1: 0.60723876953125  0.6072533210898752 0.303619384765625  0.6072533210898752    1.570770263671875   0.0 
2: 0.683135986328125 0.3036266605449376 0.4554290771484375  0.9108799816348128  -1.9655914306640625  -0.4636476090008061 
3: 0.626220703125    0.5313466559536408 0.3700408935546875  0.8349733164985784   1.7894439697265625  -0.21866894587394195 
4: 0.6493377685546875  0.6357183205159631 0.4091796875  0.7685549845043733  1.913787841796875        -0.09431395132718051 
5: 0.6621246337890625  0.6837530070474864 0.4294586181640625  0.7288225894721256  1.9761962890625    -0.03189514133122316 
6: 0.6688232421875  0.7065287129684904 0.4398040771484375  0.7074553080018917  -1.9925689697265625   -0.0006553079009548844 
7: 0.6653900146484375  0.7175827021560199 0.4345855712890625  0.696415796861759  1.9918212890625      0.014968420719521947 
8: 0.667083740234375  0.7121419537430375 0.4371795654296875  0.702021911722353  1.9996185302734375    0.007156079659420836 
9: 0.6679229736328125  0.7093996806503721 0.4384765625  0.7048037162291617  -1.996490478515625        0.003249849527453864 
10: 0.6674957275390625  0.708023110892112 0.437835693359375  0.706189262480432  -1.9984283447265625   0.0012967270109750452 
11: 0.2296600341796875  0.707333472940471 -1.8372802734375  0.7068806912996626  -1.9993896484375      0.00032016482141572575 
