0: 0.0  0.6072533210898752 0.0  0  -1.570770263671875  0.7853981633974483 
1: 0.60723876953125  0.6072533210898752 0.303619384765625  0.6072533210898752  0.0  0.0 
2: 0.531341552734375  0.3036266605449376 0.4554290771484375  0.9108799816348128  -1.85455322265625  -0.4636476090008061 
3: 0.5882568359375  0.5313466559536408 0.3890228271484375  0.8349733164985784  -1.7493896484375  -0.21866894587394195 
4: 0.6125640869140625  0.6357183205159631 0.352264404296875  0.7685549845043733  -1.50927734375  -0.09431395132718051 
5: 0.623565673828125  0.6837530070474864 0.3331298828125  0.7288225894721256  -1.021484375  -0.03189514133122316 
6: 0.6287689208984375  0.7065287129684904 0.323394775390625  0.7074553080018917  -1.40625  -0.0006553079009548844 
7: 0.63128662109375  0.7175827021560199 0.3184967041015625  0.696415796861759  0.014923095703125  0.014968420719521947 
8: 0.6300506591796875  0.7121419537430375 0.320953369140625  0.702021911722353  0.0071258544921875  0.007156079659420836 
9: 0.629425048828125  0.7093996806503721 0.322174072265625  0.7048037162291617  0.00323486328125  0.003249849527453864 
10: 0.629119873046875  0.708023110892112 0.322784423828125  0.706189262480432  0.0012969970703125  0.0012967270109750452 
11: 0.30633544921875  0.707333472940471 0.951904296875  0.7068806912996626  0.000335693359375  0.00032016482141572575 
