0: 0.000000000000000  0.607253321089875 0.000000000000000  0.000000000000000  0.000000000000000  0.785398163397448 
1: 0.607238769531250  0.607253321089875 0.303619384765625  0.607253321089875  0.000000000000000  0.000000000000000 
2: 0.531341552734375  0.303626660544938 0.455429077148438  0.910879981634813  -1.854553222656250  -0.463647609000806 
3: 0.588256835937500  0.531346655953641 0.389022827148438  0.834973316498578  -1.749389648437500  -0.218668945873942 
4: 0.612564086914062  0.635718320515963 0.352264404296875  0.768554984504373  -1.509277343750000  -0.094313951327181 
5: 0.623565673828125  0.683753007047486 0.333129882812500  0.728822589472126  -1.021484375000000  -0.031895141331223 
6: 0.628768920898438  0.706528712968490 0.323394775390625  0.707455308001892  -1.406250000000000  -0.000655307900955 
7: 0.631286621093750  0.717582702156020 0.318496704101562  0.696415796861759  0.014923095703125  0.014968420719522 
8: 0.630050659179688  0.712141953743037 0.320953369140625  0.702021911722353  0.007125854492188  0.007156079659421 
9: 0.629425048828125  0.709399680650372 0.322174072265625  0.704803716229162  0.003234863281250  0.003249849527454 
10: 0.629119873046875  0.708023110892112 0.322784423828125  0.706189262480432  0.001296997070312  0.001296727010975 
11: 0.306335449218750  0.707333472940471 0.951904296875000  0.706880691299663  0.001296997070312  0.000320164821416 
12: 0.607238769531250  0.706988316352922 0.303619384765625  0.707226068971997  0.000000000000000  -0.000168116389779 
13: 0.531341552734375  0.707160978967417 0.455429077148438  0.707053464402575  -1.854553222656250  0.000076024230370 
14: 0.588256835937500  0.707074668730064 0.389022827148438  0.707139787764265  -1.749389648437500  -0.000046046081523 
15: 0.612564086914062  0.707117829117500 0.352264404296875  0.707096631351379  -1.509277343750000  0.000014989074651 
16: 0.623565673828125  0.707096250240811 0.333129882812500  0.707118210874972  -1.021484375000000  -0.000015528503465 
17: 0.628768920898438  0.707107040008433 0.323394775390625  0.707107421442443  -1.406250000000000  -0.000000269714403 
18: 0.631286621093750  0.707112434809927 0.318496704101562  0.707102026643859  0.014923095703125  0.000007359680128 
19: 0.630050659179688  0.707109737429760 0.320953369140625  0.707104724063731  0.007125854492188  0.000003544982862 
20: 0.629425048828125  0.707108388734531 0.322174072265625  0.707106072768522  0.003234863281250  0.000001637634229 
